start=38.288000
volume=130.000000
