start=179.854000
volume=85.000000
