start=169.200000
volume=90.000000
