start=1088.575104
pause=yes
volume=130.000000
