start=804.154000
volume=130.000000
