start=553.354000
volume=115.000000
